-4471
-4474
2493
2498
2495
2496
2499
2499
2491
2495
-4473
-4473
-4472
-4474
-4475
-4474
-4473
-4474
2496
2496
2501
2498
2498
2497
2498
2498
-4475
-4472
-4471
-4471
-4473
-4472
-4472
-4474
2498
2496
2495
2497
2497
2499
2496
2495
-4472
-4473
-4475
-4476
-4469
-4474
-4476
-4472
2495
2495
2494
2499
2500
2500
2495
2491
-4474
-4471
-4474
-4471
-4472
-4474
-4471
-4470
2499
2496
2499
2498
2492
2494
2496
2494
-4474
-4477
-4474
-4475
-4476
-4476
-4473
-4473
2497
2498
2493
2494
2497
2496
2493
2490
-4476
-4471
-4476
-4472
-4478
-4478
2496
2493
2494
2494
2498
2496
2491
2493
-4469
-4472
-4476
-4474
-4474
-4473
-4472
-4472
2494
2498
2496
2495
2494
2496
2494
2494
-4475
-4474
-4474
-4477
-4473
-4471
2495
2494
2497
2497
2493
2496
2497
2498
-4476
-4474
-4473
-4475
-4474
-4477
-4472
-4474
2497
2498
2499
2496
2496
2494
2494
2498
-4476
-4478
-4472
-4470
-4473
-4474
-4472
-4472
2495
2494
2497
2493
2494
2498
2496
2495
-4475
-4477
-4475
-4475
-4474
-4474
-4474
-4476
2496
2498
2499
2496
2496
2496
2492
2494
-4472
-4471
-4477
-4476
-4473
-4475
-4475
-4474
2496
2496
2496
2496
2497
2496
2497
2493
-4475
-4474
-4473
-4474
-4475
-4476
-4474
-4474
2496
2496
2496
2496
-4474
-4474
-4474
-4474
-4477
-4472
-4474
-4475
2496
2496
2495
2495
-4471
-4473
-4473
-4471
-4474
-4474
2496
2498
2496
2494
2495
2495
-4472
-4473
-4474
-4474
-4474
-4469
-4475
-4475
2494
2495
2494
2496
2495
2495
2494
2494
-4476
-4472
-4475
-4474
-4475
-4477
-4474
-4472
2494
2495
2496
2498
2492
2494
2496
2498
-4472
-4476
-4473
-4476
-4474
-4472
-4474
-4472
2496
2499
2496
2497
2493
2494
-4473
-4473
-4474
-4472
-4477
-4476
-4475
-4476
2495
2495
2496
2497
2496
2494
2495
2494
-4476
-4473
-4476
-4477
-4472
-4473
-4474
-4476
2497
2497
2495
2497
2498
2498
2493
2494
-4474
-4475
-4475
-4472
-4471
-4474
-4473
-4474
2494
2494
2496
2494
2491
2493
2500
2499
-4478
-4477
-4474
-4470
-4473
-4473
-4473
-4475
2498
2496
2498
2498
2496
2497
-4472
-4473
-4479
-4476
-4473
-4471
-4479
-4476
2493
2497
2493
2495
2495
2494
-4472
-4474
-4472
-4473
-4475
-4472
-4472
-4473
2494
2494
2499
2499
2498
2497
2496
2496
-4471
-4471
-4471
-4475
-4474
-4472
-4473
-4472
2499
2497
2493
2494
2498
2495
2497
2495
-4472
-4473
-4476
-4473
-4476
-4475
-4473
-4474
2494
2495
2496
2499
2496
2496
2496
2494
-4473
-4471
-4475
-4472
-4474
-4471
-4472
-4476
2496
2496
2494
2496
2497
2496
2496
2494
-4474
-4472
-4474
-4473
-4476
-4476
-4477
-4477
2496
2496
2494
2498
2500
2498
2498
2494
-4471
-4471
-4473
-4476
-4474
-4473
-4472
-4476
2498
2499
2493
2498
2498
2496
2493
2498
-4476
-4472
-4475
-4476
-4475
-4477
-4471
-4473
2495
2498
2497
2497
2499
2495
-4473
-4472
-4472
-4473
-4474
-4473
-4477
-4474
2496
2496
2497
2498
2497
2496
2498
2498
-4474
-4473
-4476
-4472
-4474
-4472
-4476
-4472
2494
2493
2493
2495
2497
2495
2494
2498
-4474
-4476
-4472
-4473
-4477
-4477
-4476
-4474
2496
2496
2497
2495
2497
2498
2495
2495
-4476
-4475
-4477
-4474
-4473
-4476
-4474
-4475
2496
2498
2496
2497
2494
2499
2496
2498
-4473
-4472
-4475
-4473
-4473
-4473
-4474
-4476
2494
2496
2498
2495
2493
2494
2495
2497
-4473
-4475
-4474
-4472
-4471
-4470
-4472
-4470
2493
2494
2495
2497
2494
2495
2497
2499
-4478
-4475
-4474
-4474
-4477
-4476
-4471
-4472
2495
2496
2495
2493
2496
2495
2496
2494
-4475
-4476
-4475
-4473
-4475
-4472
-4475
-4476
2499
2499
2494
2496
2497
2493
2494
2497
-4478
-4474
-4476
-4474
-4477
-4478
-4472
-4474
2496
2497
2498
2499
2496
2496
2495
2496
-4474
-4472
-4473
-4474
-4476
-4474
-4471
-4472
2494
2498
2498
2496
2494
2495
2495
2499
-4474
-4474
-4474
-4475
-4474
-4471
-4473
-4471
2498
2496
2496
2494
2494
2496
2496
2495
-4476
-4474
-4472
-4471
-4471
-4473
2501
2499
2497
2494
2493
2494
-4471
-4470
-4475
-4470
-4472
-4476
-4477
-4474
2494
2496
2498
2496
2494
2494
2496
2498
-4474
-4474
-4471
-4469
-4474
-4476
-4474
-4473
2499
2496
2498
2497
2496
2495
-4475
-4476
-4472
-4472
-4476
-4475
-4474
-4474
2496
2498
2494
2496
2493
2493
2497
2494
-4474
-4474
-4471
-4474
-4474
-4476
-4471
-4473
2497
2496
2494
2496
2494
2496
2492
2494
-4476
-4475
-4472
-4470
-4475
-4477
-4471
-4469
2499
2496
2494
2495
2494
2494
2496
2499
-4476
-4475
-4473
-4474
-4476
-4475
2496
2496
2497
2498
2496
2495
2495
2494
-4475
-4475
-4474
-4475
-4474
-4477
-4475
-4472
2493
2492
2496
2497
2499
2499
-4474
-4474
-4473
-4471
-4474
-4474
-4475
-4474
2498
2499
2498
2495
2494
2495
2496
2496
-4475
-4472
-4474
-4476
-4474
-4473
-4472
-4474
